time,x,y,z,phi,theta,psi,x_velocity,y_velocity,z_velocity,phi_velocity,theta_velocity,psi_velocity,rotor_speed1,rotor_speed2,rotor_speed3,rotor_speed4
0.06,7.85058527187e-08,-1.05234865768e-07,10.0067592299,6.28293671311,6.28307690255,0.0,8.82651119121e-06,-1.65012993957e-05,0.225289624333,-0.0140829696593,-0.00569037056083,0.0,475.2551201383558,474.8188895584175,475.4902852235801,474.41044860506383
0.12000000000000001,3.89465429434e-06,-8.72074638825e-06,10.0219692652,6.28231705597,6.28278046661,0.0,0.000148812762839,-0.00033979779349,0.281698802215,-0.00371307932595,-0.00348164377481,0.0,422.96626365960833,423.1564955829759,422.3062662971188,423.1997498319392
0.18,2.36180624308e-05,-4.97500194992e-05,10.0453243542,6.28288353716,6.28231064334,0.0,0.000546800401501,-0.00099761222134,0.496734951721,0.027586823299,-0.0183770215112,0.0,472.80825436523526,471.65956534608983,470.76272391957644,473.1780102097254
0.23999999999999996,8.26244201662e-05,-0.000109172705167,10.0816807651,0.00161629863474,6.28090139573,0.0,0.00156682637875,-0.000768179021959,0.71503385133,0.0395380481622,-0.0364197047786,0.0,474.19249742056553,472.80459872433164,472.51611026761964,473.4367058546571
0.3,0.000238623266478,-0.000107892853637,10.1299447967,0.00404620574553,6.27852355481,0.0,0.00389102320064,0.00108352524966,0.893642885313,0.0423527396177,-0.0469801564154,0.0,461.9570471230827,461.1229258951193,461.7807593720069,462.00349038552474
0.36000000000000004,0.000571456561193,4.4033433025e-05,10.1851512785,0.00656680006107,6.27607851173,0.0,0.00745117004036,0.00422099948828,0.94652799924,0.0413154679734,-0.0305456851747,0.0,421.97968838720925,423.39477862797133,422.392854754168,422.30445766137075
0.4200000000000001,0.00116172084576,0.00043289454711,10.243505575,0.00953801512393,6.27412031633,0.0,0.0124035158969,0.00900280743601,0.998567495891,0.0622669920367,-0.0371848182655,0.0,422.58332722221866,422.0102371899103,421.4854176710946,423.29365237202126
0.48000000000000015,0.0021133855007,0.00119701933101,10.3076498225,0.01286363782,6.27191240487,0.0,0.0195572185836,0.0168543795036,1.13943734443,0.0360075479306,-0.0360370940215,0.0,449.8140583177191,449.9063751036962,452.6327557308667,450.5166587713087
0.5400000000000001,0.00356642899482,0.00252618464094,10.3822995526,0.015299638381,6.26956413042,0.0,0.0291404316602,0.0277212067687,1.34865661741,0.0484853009344,-0.046198211115,0.0,473.02482703712434,472.24108910533477,470.10242719774476,471.0689311544635
0.6000000000000002,0.00565204888617,0.00456936136479,10.4695342346,0.0183766792306,6.267777625,0.0,0.0406322996456,0.0407351485225,1.55889349853,0.0563624735232,-0.00867020814147,0.0,470.40269383638974,473.29906285034275,472.65727510283153,473.2654036302445
0.6600000000000003,0.0084792306511,0.00749086993297,10.5705142448,0.0220030283415,6.2673178664,0.0,0.0536620811001,0.0570769163256,1.80673871045,0.0675468321029,-0.00571998652423,0.0,483.5770092980586,483.7992913967484,483.72854112114385,484.57219982567665
0.7200000000000003,0.0121050500002,0.0114954249166,10.6867375475,0.0262113335031,6.26673681056,0.0,0.0672477609926,0.0769179963142,2.06692416935,0.0748718934415,-0.0191061348585,0.0,488.3033603002586,487.3039446927579,488.35354379997574,488.9028316360099
0.7800000000000004,0.0165012771485,0.0166978366137,10.8148115599,0.0306102041747,6.26604340033,0.0,0.0793840705506,0.0969654325205,2.20194290856,0.0700041012273,0.000377940234345,0.0,451.70056690604963,453.2691217024134,451.8824737923264,451.4940037249595
0.8400000000000004,0.0216777292238,0.0232731013194,10.9533816475,0.0350839640581,6.26603776525,0.0,0.0931557296083,0.12271377852,2.41661276912,0.0823955659255,-0.00105483248623,0.0,476.440475930642,476.3309267547939,476.2249887492845,477.1757245693222
0.9000000000000005,0.027617319329,0.0313704009502,11.1011184525,0.0397881279454,6.26571603831,0.0,0.104844556616,0.147676059045,2.50773089334,0.0689061012476,-0.0157852812713,0.0,440.33114856747727,439.1109822988446,440.65394136640407,439.54236274717647
0.9600000000000005,0.0342731976244,0.0410702446816,11.2546130228,0.0438002783491,6.26479214393,0.0,0.117109401197,0.176058674821,2.60850772849,0.0624501545574,-0.0146352126385,0.0,443.5894771465449,443.68400612703897,443.480736816742,442.9534923867878
1.0200000000000005,0.0417206730087,0.0526435997411,11.4161296836,0.0481899810731,6.26367823815,0.0,0.131242047402,0.210163092436,2.77496415197,0.0887926343436,-0.027887800965,0.0,464.2821971544351,463.2413267300089,463.4846760184492,465.5540739329246
1.0800000000000005,0.0500529284991,0.0663890558964,11.5880445537,0.0537631822864,6.26182677903,0.0,0.146690499037,0.24861727303,2.95504171534,0.100019065119,-0.0375788166524,0.0,469.35246090032126,468.59945342225984,468.76410102700083,469.64239652159483
1.1400000000000006,0.0592992715943,0.0824272034376,11.7681066338,0.0594428840566,6.25972940435,0.0,0.161734424367,0.286564669746,3.04674149977,0.0809150535215,-0.0301696532187,0.0,442.7026332396275,443.31132700961496,443.8955566666029,442.33255391039665
1.2000000000000006,0.0695389031397,0.100978557891,11.9557300017,0.0643335577334,6.25777240091,0.0,0.179784320902,0.332325874275,3.20688668091,0.0826769665362,-0.0380239174285,0.0,465.6044406094864,464.9891843759369,464.0993401130837,464.2426772495267
1.2600000000000007,0.080935775277,0.122458001932,12.1540478596,0.0699028337784,6.25543954222,0.0,0.200364731337,0.384234102694,3.40308354229,0.107826898846,-0.0406522304927,0.0,476.44825789818736,476.2466269459328,475.57630300370784,477.5051854950962
1.3200000000000007,0.0935158241873,0.146918633636,12.3603359827,0.076488428703,6.25315326419,0.0,0.219194066155,0.431739359955,3.47290936072,0.113366912264,-0.033443664849,0.0,438.52888695155156,439.12655559877214,439.19100054057344,439.66103876170234
1.3800000000000008,0.107329368328,0.174514009171,12.5727657132,0.083786071168,6.25089251261,0.0,0.241470944864,0.488829461578,3.60757876331,0.134435507462,-0.0478860765118,0.0,460.06782555360667,458.92217795523584,459.5250035010548,461.20469364924224
1.4400000000000008,0.122517941363,0.205660908968,12.7928345306,0.0919879076862,6.24810984451,0.0,0.26509851792,0.550216864347,3.72755519414,0.140870875006,-0.0435209657463,0.0,456.3980503482127,456.7451137992539,456.16879648975856,456.6991302790163
1.5000000000000009,0.139158951699,0.240604242207,13.0194233537,0.100282168784,6.24543839007,0.0,0.289858107458,0.615376204472,3.82496350206,0.132376450721,-0.0466096669214,0.0,450.49537803080545,450.2444379334352,451.0934191803065,450.4242980363261
1.560000000000001,0.157438850402,0.279885887945,13.2543800392,0.108893609796,6.24289779158,0.0,0.319750244519,0.69489122297,4.00615839216,0.159615130528,-0.0349463905499,0.0,476.3136731206678,477.2039772310722,475.94303623699545,478.0404883395618
1.620000000000001,0.177371600635,0.323608858127,13.4953801632,0.118494393957,6.24094922035,0.0,0.344852453981,0.763390439275,4.02696050814,0.160796268846,-0.0279451860527,0.0,428.6901017711541,429.28420223435967,428.2799034924822,428.4057349808226
1.680000000000001,0.198790538623,0.371464124006,13.7363446802,0.127987063823,6.23946167394,0.0,0.36924553275,0.832588787808,4.00511927942,0.152470652334,-0.0191346194338,0.0,414.0491448123313,414.82346817164324,415.7535281714511,415.04897179434624
1.740000000000001,0.221816255604,0.423982124179,13.9786726476,0.137609818412,6.23824113646,0.0,0.398379569203,0.918881874778,4.07206130608,0.172751028753,-0.0228739352379,0.0,444.2058088478151,443.89905788257425,443.59688466011164,445.2833252899606
1.8000000000000012,0.246536012467,0.481628005027,14.2232679626,0.147493799087,6.23647402216,0.0,0.425742006438,1.00353192994,4.08088871266,0.139529842336,-0.0477697528239,0.0,427.831128810607,425.70550883310017,427.2839905283635,424.4683906265597
1.8600000000000012,0.273123815852,0.545117227591,14.472334081,0.155772097373,6.2336522198,0.0,0.460798559171,1.11357413184,4.22057696992,0.134661393193,-0.0455906522583,0.0,468.15842784220365,468.32676098143094,468.36642567556834,468.00417642758805
1.9200000000000013,0.301645842883,0.614667759984,14.7252158612,0.16425334022,6.23162338076,0.0,0.490132348768,1.20546958115,4.20866184605,0.15217091443,-0.0170521209647,0.0,419.78948435259775,422.2581739916156,421.1903090254815,422.72158062846734
1.9800000000000013,0.332108046373,0.690357154307,14.9802110641,0.173022372852,6.23068803989,0.0,0.525348904055,1.31832266675,4.29062155758,0.130049465818,-0.0128127005083,0.0,452.134983024736,452.4765416725099,453.2930354390458,451.5309439070325
2.0400000000000014,0.364907989404,0.773673528618,15.2439845897,0.181631336752,6.2305723497,0.0,0.567975075198,1.45968964782,4.50072051171,0.161881027554,0.0138968423538,0.0,490.9614531542778,492.93938008883663,491.0322414199803,493.4045071111396
2.1000000000000014,0.400247743038,0.865634827756,15.5200696253,0.191211243659,6.23115833787,0.0,0.609875038845,1.60662189366,4.70095680967,0.15482456422,-0.000135285584101,0.0,491.3566518706963,490.31505751008206,492.3283388700032,491.8273912937656
2.1600000000000015,0.437835581644,0.965697397772,15.8033308513,0.200894263675,6.23121897136,0.0,0.643029965964,1.72960479143,4.74061186287,0.172021939808,0.00320922056303,0.0,444.93024203125026,445.203991688722,443.92895762704137,445.36252863105176
2.2200000000000015,0.477477571057,1.07358404836,16.0902155157,0.210880081466,6.23173318202,0.0,0.678300496158,1.86750314433,4.82150360626,0.151887079937,0.0175730082715,0.0,459.1048073097767,460.2431105486916,459.0372147639608,457.4616731735098
2.2800000000000016,0.519149589709,1.18964263353,16.3805498886,0.220510669911,6.23285924287,0.0,0.710641494512,2.00189334785,4.8558187284,0.173751977575,0.0210557761272,0.0,445.8214065932834,446.10587081753664,444.4820051551692,446.29455823926355
2.3400000000000016,0.562861781761,1.3144877847,16.6753102497,0.230477880265,6.23451093049,0.0,0.746231446452,2.16049559785,4.96860176377,0.143007676523,0.038061327838,0.0,470.1282464548237,471.44435608142686,473.12535175546924,470.77591680626847
2.4000000000000017,0.608500155222,1.44824416873,16.9734009867,0.239099047688,6.23692823392,0.0,0.774820422668,2.29872426971,4.96741731058,0.145008085738,0.0444059414773,0.0,436.4571087629045,436.9872632326418,437.43263099238203,437.6188295457986
2.4600000000000017,0.655804928202,1.59042711951,17.2713368682,0.247714108538,6.23937067386,0.0,0.801759601385,2.44137618774,4.96343383026,0.140576739255,0.0320374890317,0.0,437.4218077201097,436.39129687152166,437.19746626419993,436.84764821296613
2.520000000000002,0.704595173482,1.74081893807,17.5670647256,0.256319575085,6.24190580587,0.0,0.824397583344,2.57232705298,4.89412990962,0.1485797707,0.057341340681,0.0,414.8600585785861,417.07739389848865,414.81745383219777,415.54048741277194
2.580000000000002,0.755038348133,1.90133641104,17.8667234665,0.265335674373,6.2456607361,0.0,0.856545856572,2.77894161984,5.09306008355,0.153444218657,0.0714101698716,0.0,500.8930692614172,501.91759641613965,499.6720287705351,500.04504429409366
2.640000000000002,0.807074352643,2.07274413071,18.1720097015,0.274656448596,6.24948059804,0.0,0.877601603218,2.93533717199,5.08275737976,0.158897735899,0.0399170869807,0.0,440.02916442876085,437.41660025092887,438.73214390986067,439.2078991851425
2.700000000000002,0.860191219862,2.25271863258,18.4732225272,0.283759790675,6.25177788572,0.0,0.892796321211,3.06449761264,4.95785736704,0.130829939983,0.0348140644708,0.0,400.14903907486513,399.68500673084026,401.2195305667003,398.68641116153225
2.760000000000002,0.914462241151,2.44306732596,18.7754874904,0.292174981601,6.25441586077,0.0,0.915916977019,3.28097737273,5.11632657785,0.154437481963,0.0578458343629,0.0,490.7665072867691,492.4741451737442,492.27227612946484,494.03211402981185
2.820000000000002,0.969824200052,2.64425554813,19.0795136896,0.30139490953,6.25895859699,0.0,0.929161700256,3.42595492834,5.01790326398,0.152077017501,0.0979965363254,0.0,410.6003625615239,414.1522962402563,411.7196311642597,411.535042111082
2.880000000000002,1.02600218646,2.85555857642,19.381745719,0.310277043317,6.26574278366,0.0,0.942785309837,3.61807602522,5.05576382328,0.138406388946,0.132990728583,0.0,456.8766920054824,459.66910802394693,458.31190631445287,457.2436122938877
2.940000000000002,1.08291125697,3.07963122509,19.6896022373,0.318877623409,6.27369073353,0.0,0.953234343999,3.85148691661,5.2047497668,0.15172712684,0.131395992292,0.0,493.7389601902941,493.6354869546669,493.73612117680307,494.73485138392095
3.000000000000002,1.14024349824,3.31727233449,20.004502977,0.327579829595,6.28135913855,0.0,0.956996930563,4.07040315184,5.2908490098,0.126279558159,0.119446639123,0.0,477.94098056171504,477.04280833743945,478.81871187847844,476.89610291869354
3.0600000000000023,1.19763414621,3.56699187839,20.3209862376,0.335564791199,0.00619773061115,0.0,0.955339475048,4.25404328621,5.25821528248,0.144045782944,0.152933186359,0.0,440.12104543426426,442.90034382051385,441.06810492655245,442.5494569635321
3.1200000000000023,1.25476021275,3.82845406738,20.6372168911,0.344375118787,0.0154777313576,0.0,0.947962036271,4.46184547783,5.28202673404,0.151903884669,0.157921996898,0.0,460.45974853254756,460.87597811994084,461.33964827885086,461.97909029969986
3.1800000000000024,1.31127782913,4.10213216778,20.9537423255,0.353075114603,0.0250185153839,0.0,0.935086770028,4.66126197668,5.26822503377,0.125326725758,0.16110781824,0.0,450.06349746096726,450.3449596175027,452.0378744931674,449.9094557930432
3.2400000000000024,1.36682004364,4.38819986279,21.2702258761,0.360540166591,0.0345478665327,0.0,0.915407695298,4.87465232441,5.28050327848,0.12253613771,0.153815139821,0.0,460.7824524805452,460.22838456961244,460.4505038442518,460.2431019164382
3.3000000000000025,1.42108489208,4.6863027476,21.5851040744,0.367542558139,0.04442894688,0.0,0.892612263538,5.0624723388,5.21518135789,0.101303786823,0.180476167378,0.0,435.40693819948007,437.6580514023313,436.3933917285171,434.6292791051258
3.3600000000000025,1.47380004935,4.99581368051,21.8962064895,0.373453780807,0.0550583863525,0.0,0.863649358801,5.25479741428,5.15464930033,0.0922796442256,0.169532418707,0.0,438.3331300673855,437.453185402283,438.9070696345253,438.165732301377
3.4200000000000026,1.52440350287,5.3181442632,22.2067714515,0.379411016844,0.0661680023493,0.0,0.822086425443,5.48960012687,5.19660764907,0.110520350541,0.205561780231,0.0,470.8968478458518,473.7061309527136,472.59720276260987,474.00905683571796
3.4800000000000026,1.57239812049,5.65397975303,22.5181728083,0.385922528074,0.0789104301,0.0,0.77659885172,5.70508530085,5.18280688988,0.104206298784,0.223342096357,0.0,456.3365097052171,457.796650001103,456.48283736804245,455.9886013165028
3.5400000000000027,1.61739005416,6.00294876189,22.8290466574,0.392025687236,0.0918470818818,0.0,0.721923990006,5.92730336811,5.17894357245,0.0962178758971,0.191999969782,0.0,462.5183224860757,460.08573235536693,461.70636177308114,461.0840400616974
3.6000000000000028,1.65875779635,6.36572488007,23.1406575715,0.397538114012,0.103029311834,0.0,0.655945173735,6.16518786422,5.20715612424,0.081350743578,0.171697747874,0.0,474.17671677019257,472.64517915554194,473.938965816019,472.80108291312877
3.660000000000003,1.69626551675,6.74164379054,23.4511311555,0.40251021226,0.113259148163,0.0,0.59347051778,6.36548027593,5.14167051765,0.0857409267124,0.16798497872,0.0,443.79470257689195,443.5176963700844,444.3267204359139,444.69216608898495
3.720000000000003,1.72999066903,7.12913180494,23.7565460501,0.407836371905,0.122989772648,0.0,0.52992577638,6.55089787349,5.03874648039,0.0942226845684,0.146862008573,0.0,432.75669124780677,431.00004268165526,431.0393487260778,431.7625335332837
3.780000000000003,1.75943914243,7.52876782472,24.0580714024,0.414061593345,0.131937643437,0.0,0.450964776062,6.77030127703,5.01144339295,0.118065439144,0.153316993677,0.0,458.5484754077471,459.081186595169,456.5339351371954,458.44165348804177
3.840000000000003,1.78388803697,7.94191571436,24.3585947138,0.420747609965,0.140791411325,0.0,0.363258662211,7.00130202968,5.00510646157,0.0929124384372,0.132438683368,0.0,467.87512364141963,466.26534587162223,467.4223334986694,465.4675489172523
3.900000000000003,1.80326347719,8.36797158103,24.6564623419,0.426778917594,0.149317087911,0.0,0.281959514409,7.20059685311,4.9234869375,0.112524775293,0.15654515095,0.0,441.42897215919237,443.4328089310585,442.5987169222769,444.21894416732647
3.960000000000003,1.81741222838,8.8065797199,24.950638701,0.433174680659,0.158820432862,0.0,0.1889283677,7.41965721597,4.88170206722,0.0908278025135,0.161838780609,0.0,457.56241701486243,458.00672770223645,458.3209871090563,456.60219005604284
4.020000000000002,1.82562346406,9.25884992177,25.2433197155,0.438611012322,0.168910205826,0.0,0.0839909203061,7.65579073819,4.87344295307,0.0901575518884,0.178486145793,0.0,469.7894219309311,471.1039046429242,470.51365947352974,470.468130335158
4.080000000000001,1.82755276314,9.72479828561,25.5343853171,0.443729440707,0.179210218973,0.0,-0.0204996635065,7.87563566326,4.82809420861,0.0732242596565,0.152368702318,0.0,461.12989601374204,459.08817676806996,460.37306519712934,459.03649924926447
4.14,1.82358862138,10.2026447377,25.8199836921,0.448278427062,0.188417320947,0.0,-0.112307535143,8.05254249407,4.6918997592,0.0805506540839,0.155531634849,0.0,428.49189036868404,428.7839363276932,428.9750623407558,429.6016686059548
4.199999999999998,1.81364944424,10.6918431879,26.098961514,0.452627545066,0.198297221047,0.0,-0.219704894416,8.25388754482,4.60699970117,0.0469680336862,0.178510603912,0.0,445.6561693926779,447.5562707285144,449.8279739423248,447.10306566197573
4.259999999999997,1.79733963462,11.1925881517,26.3717870186,0.455301095773,0.208536437385,0.0,-0.324734735619,8.4373582682,4.48718009127,0.0392461237037,0.146351046304,0.0,435.93189268946213,433.2632066746185,436.97993191591814,436.3367123324345
4.319999999999996,1.77379655573,11.7059063924,26.6407284208,0.457851418772,0.217596232924,0.0,-0.460664511147,8.67262487311,4.47675944736,0.0483339771856,0.158953679486,0.0,473.86800071785575,474.8558125742404,473.64427679281897,474.34373572822403
4.379999999999995,1.74296962142,12.2312250513,26.9048504197,0.460619595613,0.226784575894,0.0,-0.567577351038,8.83780464708,4.32749337716,0.0413340464973,0.137797853368,0.0,427.8672601789193,426.0845753616383,426.23448787569504,425.6369819687927
4.439999999999993,1.70523245908,12.7671122819,27.1614626667,0.463666682284,0.23484199505,0.0,-0.690889572288,9.02474633489,4.22608460443,0.0650096739244,0.126153949436,0.0,445.2567257736458,444.3193381934314,441.73020521373815,443.6804737140834
4.499999999999992,1.66007635921,13.3139854167,27.4116230813,0.467336112356,0.242468649801,0.0,-0.814818897299,9.20409136883,4.11244325169,0.0520581743261,0.12895740102,0.0,440.02971232553944,440.2767013565228,439.9230019991412,438.8515997630827
4.559999999999991,1.60779399775,13.8708120569,27.653455476,0.471098645032,0.25059231035,0.0,-0.928485291259,9.35664070575,3.94885599,0.078274806328,0.145871621092,0.0,419.9318251914223,421.4148222193365,420.69091359746113,422.95855071782296
4.6199999999999894,1.54812138383,14.4375651218,27.8870754207,0.476036802956,0.259405770558,0.0,-1.06117369638,9.53487456246,3.83818037782,0.0893343131371,0.148853265221,0.0,440.6025185434686,440.86943613194177,440.62712611255415,441.5462725152184
4.679999999999988,1.47953724341,15.0163949996,28.1167627409,0.481403539289,0.269175515838,0.0,-1.22552587904,9.75894234588,3.81700841304,0.0896671127013,0.181739232384,0.0,472.33573292893647,474.88844340625843,474.0307772851796,474.06248428829474
4.739999999999987,1.40081102219,15.608824245,28.3454639134,0.48665780994,0.280014669904,0.0,-1.39934859129,9.98809921913,3.8051663984,0.0830133914485,0.178389087151,0.0,478.9862050540529,478.76025447037705,480.4821660780732,479.9830275375408
4.799999999999986,1.31218749594,16.2138038852,28.5711897718,0.491164912934,0.290488439915,0.0,-1.55543008468,10.1774557282,3.71842738183,0.0505673052501,0.165548874507,0.0,455.57025259465735,454.57048563265016,457.7179671851563,455.1315748065741
4.859999999999984,1.21399376491,16.8301650285,28.7918215449,0.49483258677,0.300311482763,0.0,-1.71829429303,10.3673434875,3.63543184191,0.0765958722949,0.159782545389,0.0,458.56814970613834,458.13435526940754,457.44210543542823,459.5132017981077
4.919999999999983,1.10629056962,17.4572310945,29.0062864991,0.49904378481,0.309507848345,0.0,-1.87238278222,10.5344770261,3.51307785711,0.0525634707729,0.135264142477,0.0,446.3700548043109,444.38566126031753,446.096388160076,444.13254119692283
4.979999999999982,0.988378105406,18.0955152052,29.215689595,0.502063186592,0.317069877942,0.0,-2.05840051,10.7408942024,3.46621356993,0.0454195065505,0.0920114307716,0.0,476.1244481470713,472.8150034571146,473.0391729798918,472.489968644075
5.0399999999999805,0.860210576206,18.744619586,29.4195595192,0.505135516031,0.32235203509,0.0,-2.21414793764,10.8954878123,3.32939905614,0.0608019687812,0.0785900149015,0.0,443.3521339714014,442.25402046675833,441.02690885198336,442.29772233005576
